4.138
4.138
4.368
4.519
4.628
4.652
4.88
4.903
4.906
4.926
4.963
4.973
5
5.012
5.019
5.036
5.093
5.155
5.186
5.272
5.277
5.304
5.304
5.344
5.349
5.362
5.39
5.39
5.399
5.403
5.404
5.404
5.412
5.414
5.427
5.453
5.454
5.456
5.468
5.52
5.531
5.536
5.56
5.565
5.569
5.57
5.572
5.593
5.594
5.597
5.599
5.602
5.604
5.605
5.608
5.613
5.617
5.627
5.628
5.631
5.637
5.648
5.663
5.67
5.682
5.683
5.693
5.701
5.705
5.706
5.707
5.708
5.709
5.713
5.713
5.713
5.727
5.731
5.741
5.747
5.757
5.757
5.759
5.762
5.782
5.783
5.786
5.787
5.79
5.794
5.803
5.807
5.813
5.813
5.818
5.822
5.834
5.836
5.837
5.841
5.85
5.851
5.852
5.854
5.854
5.856
5.856
5.857
5.859
5.868
5.869
5.87
5.871
5.872
5.874
5.875
5.876
5.877
5.878
5.879
5.88
5.884
5.885
5.887
5.888
5.888
5.889
5.891
5.895
5.896
5.898
5.905
5.913
5.914
5.92
5.924
5.926
5.926
5.927
5.928
5.933
5.935
5.935
5.936
5.936
5.942
5.949
5.95
5.951
5.952
5.957
5.96
5.961
5.961
5.963
5.965
5.966
5.966
5.968
5.972
5.976
5.981
5.983
5.983
5.985
5.986
5.987
5.99
5.998
6.003
6.004
6.004
6.006
6.009
6.009
6.012
6.014
6.015
6.019
6.02
6.021
6.023
6.027
6.03
6.03
6.031
6.037
6.041
6.047
6.051
6.059
6.064
6.065
6.066
6.069
6.072
6.081
6.083
6.086
6.092
6.095
6.096
6.096
6.101
6.103
6.108
6.108
6.112
6.113
6.114
6.115
6.12
6.121
6.122
6.122
6.127
6.127
6.127
6.129
6.13
6.137
6.14
6.142
6.144
6.144
6.145
6.151
6.152
6.152
6.153
6.162
6.162
6.163
6.164
6.167
6.167
6.167
6.169
6.172
6.174
6.176
6.182
6.185
6.185
6.193
6.193
6.195
6.202
6.208
6.209
6.209
6.211
6.211
6.212
6.219
6.223
6.226
6.229
6.229
6.229
6.23
6.232
6.24
6.242
6.245
6.249
6.25
6.251
6.251
6.254
6.266
6.273
6.279
6.286
6.29
6.297
6.301
6.302
6.31
6.312
6.312
6.315
6.315
6.316
6.317
6.319
6.326
6.326
6.333
6.335
6.341
6.343
6.345
6.348
6.358
6.372
6.373
6.375
6.376
6.376
6.377
6.38
6.38
6.382
6.383
6.389
6.393
6.395
6.398
6.402
6.404
6.405
6.405
6.405
6.406
6.411
6.415
6.416
6.417
6.417
6.417
6.421
6.425
6.426
6.43
6.431
6.431
6.433
6.434
6.436
6.437
6.438
6.442
6.453
6.454
6.456
6.458
6.459
6.461
6.471
6.474
6.481
6.482
6.484
6.485
6.487
6.49
6.495
6.495
6.51
6.511
6.513
6.516
6.525
6.538
6.54
6.545
6.546
6.549
6.552
6.556
6.563
6.565
6.567
6.575
6.579
6.59
6.593
6.595
6.604
6.606
6.616
6.618
6.619
6.625
6.629
6.63
6.63
6.631
6.635
6.635
6.642
6.649
6.655
6.657
6.674
6.678
6.696
6.701
6.715
6.718
6.726
6.727
6.727
6.728
6.728
6.739
6.749
6.75
6.758
6.762
6.77
6.781
6.782
6.782
6.794
6.794
6.8
6.812
6.816
6.824
6.826
6.833
6.842
6.849
6.852
6.854
6.86
6.861
6.871
6.874
6.879
6.897
6.939
6.943
6.951
6.951
6.957
6.968
6.968
6.975
6.976
6.98
6.98
6.982
6.998
7.007
7.014
7.024
7.041
7.061
7.079
7.088
7.104
7.107
7.135
7.147
7.148
7.155
7.163
7.178
7.185
7.185
7.203
7.206
7.236
7.241
7.249
7.267
7.274
7.287
7.313
7.327
7.333
7.358
7.393
7.412
7.416
7.42
7.454
7.47
7.489
7.52
7.61
7.645
7.686
7.691
7.765
7.802
7.82
7.82
7.831
7.853
7.875
7.923
7.929
8.034
8.04
8.069
8.247
8.259
8.266
8.297
8.337
8.375
8.398
8.704
8.725