8
6
8.8
7
17.9
10.5
10.2
11.8
13.8
14.6
21.9
16.1
7.4
15.3
14.4
9.7
9
16.3
17.8
13.1
7.2
10.4
12
20
8.3
30
11.5
19.7
14.4
13.4
19.3
19.6
29
7
13.8
5
15.2
20.2
15.6
12.3
8.5
11.3
22.8
11.7
17.5
13.6
23.1
17.6
17.4
15.4
13.9
19.4
26.4
18.5
27.9
15.7
17.2
12.8
15.6
16.5
14.3
20.8
18.2
23.1
19.3
5
16.2
13.1
16.2
17.1
21.8
18.5
19.4
12.7
15.1
20.1
18.2
19.3
18.7
8.5
15
15.6
19.9
21.8
19.8
22.5
20
19.4
20.3
18.3
16.8
22.4
14.5
16.6
10.5
18.4
19.9
19.5
10.2
20
21
19.5
6.3
10.8
22.7
17.3
21.1
13.3
22.6
19.3
19.5
22
20.6
20.4
20.3
17.4
20.9
23.8
22
18.8
19.1
18.6
20.9
12.7
18.9
23.3
21.7
22.6
18.5
8.3
17.2
20.6
18.8
17.8
20.7
15.6
19.1
24.5
19.6
18.3
18.9
8.4
23.1
13.5
20.6
17.4
20.4
13.2
21.5
19
8.8
21.7
20.5
21.7
19.7
19.6
16
24.7
18.7
20.3
12.7
24.3
13.6
20.1
19
21.4
5.6
17.5
23.4
19.1
18.9
20.3
14.2
18.9
21.7
22.9
17.5
22.5
21.2
23.2
19.2
19.4
16.8
11.9
16.6
19.4
21.1
20.4
14.8
23.2
20.6
24.4
22.8
24.3
21.2
14.5
20
22.2
24
18.7
20.1
13.5
18.2
25
13.4
21.9
24.3
22.6
21
19.1
20.5
20.6
22.2
21.5
22.1
20.4
22.7
23.9
17
13.8
19.3
20.8
15.2
19.8
36.2
23.3
17.8
8.7
15.6
29.6
13.3
24.1
21.4
21.7
19.9
20.1
22.9
25.3
27.1
14
21.2
25
14.1
14.6
11
13.8
21.7
10.9
11.7
21.4
23.2
24.7
25
17.8
18.4
10.2
20.5
19.4
19.6
21.4
20.1
21.2
25.2
23
23.4
20.6
27
12.6
19.9
18.5
21.6
24.1
20
21.4
23.5
16.1
14.9
24.8
20.7
21.2
23
22.3
24.6
22.2
19.5
23.8
19.6
24.4
22.6
18.1
17
7.2
22.5
14.5
22.2
23
23
28.1
17.7
23.1
15
12
13.1
23.1
24.7
23.9
23.7
21.7
25
22.3
12.1
12.5
18.6
22
17.1
16.7
25
23.6
13
22.6
24.2
21.6
16.1
23.8
28.7
18
24.6
24.5
9
14.3
23.2
24.8
22.9
22
17.1
22.2
19.2
11.8
9.6
13.1
19.8
23.7
29.1
16.7
15.4
24.4
22.9
18.4
26.4
23.3
25
20.2
23.1
14.1
24.4
16.5
10.9
29.4
27.1
31.5
29.8
32.5
24.8
23.8
24
24.1
22
22.4
30.8
29.1
23.3
28.4
30.1
23.9
28.4
13.4
26.6
27.9
25.1
22.8
24.5
28.7
13.9
15.2
17.2
21
28.6
23.9
16.4
22.8
26.2
29
27.5
28
14.9
30.1
30.5
13.4
23.7
32.4
25
26.6
26.5
18
32
18
22
31.1
35.1
31.6
18
33.1
14.1
30.1
28.2
27.5
32
29.9
28.5
24.8
31.2
27.5
22
26.6
41.3
26.7
37
29.6
19
35.4
34.9
23.9
29.8
37.2
33.1
33.4
23.6
30.7
34.9
29
25
28.7
32.2
33
30.3
32.9
36.2
37.3
37.9
31.6
36.4
34.7
34.9
33.8
36.5
36.1
32.7
35.4
33.2
34.6
33.3
25
31
36
31.5
27
31.7
33.2
33.4
44
43.5
50
43.1
42.3
46
46.7
35.2
39.8
50
43.8
45.4
50
48.5
50
50
50
50
37.6
38.7
48.3
42.8
44.8
50
41.7
50
48.8
50
50